{
 "cells": [
  {
   "cell_type": "markdown",
   "metadata": {},
   "source": [
    "# COO Coding Assigment\n",
    "### Name: Divyansh Rastogi\n",
    "### Roll: 2019464\n",
    "### Question: 3"
   ]
  },
  {
   "cell_type": "code",
   "execution_count": 334,
   "metadata": {},
   "outputs": [],
   "source": [
    "import numpy as np \n",
    "import scipy.optimize\n",
    "import matplotlib.pyplot as plt"
   ]
  },
  {
   "cell_type": "markdown",
   "metadata": {},
   "source": [
    "## Part 1: Setting up portfolio investment problem\n",
    "- We use `scipy.optimize.minimze` for constrained minimization. \n",
    "- Method used `SLSQP`\n",
    "#### [docs for scipy.minimize](https://docs.scipy.org/doc/scipy/reference/generated/scipy.optimize.minimize.html)  \n",
    "#### [docs for SLSQP](https://docs.scipy.org/doc/scipy/reference/tutorial/optimize.html#sequential-least-squares-programming-slsqp-algorithm-method-slsqp)"
   ]
  },
  {
   "cell_type": "code",
   "execution_count": 335,
   "metadata": {},
   "outputs": [],
   "source": [
    "class PortfolioOptimization:\n",
    "    def __init__(self, n, B=1, r_min=None, m=None, V=None, idV=True):\n",
    "        '''\n",
    "        params:\n",
    "            n: number of assets\n",
    "            B: total wealth\n",
    "            r_min: minimum acceptable mean return\n",
    "        \n",
    "        fractional return vector params:\n",
    "            m: mean vector \n",
    "            V: covariance\n",
    "         '''\n",
    "\n",
    "        self.n = n\n",
    "        self.B = B \n",
    "        self.r_min = (5*B/100) if r_min is None else r_min \n",
    "        # In case min return not specificed, take it to be 5% of total investement\n",
    "\n",
    "        if m is None:\n",
    "            self.m = 2 * np.random.rand(n) - 0.25\n",
    "        else:\n",
    "            self.m = m\n",
    "        \n",
    "        if V is None and idV:\n",
    "            self.V = np.identity(n) # has to be symmetric\n",
    "        elif V is None:\n",
    "            t = 2 * np.random.rand(n, n) +  np.identity(n) - 1\n",
    "            self.V = np.dot(t, t.T)\n",
    "        else:\n",
    "            assert(np.all(V == V.T))\n",
    "            self.V = V\n",
    "\n",
    "    # minimize \n",
    "    def f(x, *args):\n",
    "        po = args[0]\n",
    "        # assert (isinstance(po, PortfolioOptimization))\n",
    "        return x.dot(po.V @ x)\n",
    "\n",
    "    # gradient vector of f\n",
    "    def jac_f(x, *args):\n",
    "        po = args[0]\n",
    "        # assert (isinstance(po, PortfolioOptimization))\n",
    "        return 2 * (po.V @ x)\n",
    "\n",
    "    # minimum acceptable mean return\n",
    "    # f_r_min(x) >= 0\n",
    "    def f_r_min(x, *args):\n",
    "        po = args[0]\n",
    "        # assert (isinstance(po, PortfolioOptimization))\n",
    "        return np.array([x.dot(po.m) - po.r_min])\n",
    "\n",
    "    def jac_f_r_min(x, *args):\n",
    "        po = args[0]\n",
    "        # assert (isinstance(po, PortfolioOptimization))\n",
    "        return po.m.copy()\n",
    "\n",
    "    # total investment should sum to B\n",
    "    def f_tot(x, *args):\n",
    "        po = args[0]\n",
    "        # assert (isinstance(po, PortfolioOptimization))\n",
    "        return np.array(np.sum(x) - po.B)\n",
    "    \n",
    "    def jac_f_tot(x, *args):\n",
    "        return np.ones_like(x)\n",
    "\n",
    "    def run(self, x0=None):\n",
    "\n",
    "        bounds = scipy.optimize.Bounds(0, np.inf)\n",
    "\n",
    "        ineq_cons = {\n",
    "            'type': 'ineq',\n",
    "            'fun': PortfolioOptimization.f_r_min,\n",
    "            'jac': PortfolioOptimization.jac_f_r_min,\n",
    "            'args': (self,)\n",
    "        }\n",
    "\n",
    "        eq_cons = {\n",
    "            'type': 'eq',\n",
    "            'fun': PortfolioOptimization.f_tot,\n",
    "            'jac': PortfolioOptimization.jac_f_tot,\n",
    "            'args': (self,)\n",
    "        }\n",
    "\n",
    "        if x0 is None:\n",
    "            x0 = np.random.rand(self.n)\n",
    "            x0 /= sum(x0)\n",
    "\n",
    "        res = scipy.optimize.minimize(\n",
    "            PortfolioOptimization.f,\n",
    "            x0,\n",
    "            method='SLSQP',\n",
    "            jac=PortfolioOptimization.jac_f,\n",
    "            constraints=(eq_cons, ineq_cons),\n",
    "            bounds=bounds,\n",
    "            options={'disp': True},\n",
    "            args=(self,)\n",
    "        )\n",
    "\n",
    "        return res"
   ]
  },
  {
   "cell_type": "markdown",
   "metadata": {},
   "source": [
    "## Part 2\n",
    "- min return is taken to be 5% of total wealth\n",
    "- `m` and `V` are chosen as specified in class `PortfolioOptimization`\n",
    "- `V` is chosen as a positive semi definite matrix to make our optimization convex\n",
    "- `m` can have some negative values, simulating drop in prices"
   ]
  },
  {
   "cell_type": "code",
   "execution_count": 336,
   "metadata": {},
   "outputs": [
    {
     "name": "stdout",
     "output_type": "stream",
     "text": [
      "Chosen m: [ 0.8071282   1.09481957  1.25388192  0.70072582  1.28415553  1.29082993\n",
      "  0.36300189 -0.12792149  0.45050385 -0.14917821  1.01672424  0.07131035\n",
      "  0.42692856  0.29712047  0.31112912  1.54750951  1.73233164 -0.08018521\n",
      "  0.31885403  0.23376668]\n",
      "Chosen V: [[ 8.78623685e+00  4.35134452e+00 -1.38216278e+00  6.72216765e-01\n",
      "  -6.36200816e-01  6.00633597e-01  1.77831173e+00  2.01363987e+00\n",
      "   1.32260564e+00  3.64371751e+00  3.75834866e+00  3.62477438e+00\n",
      "  -2.49465907e+00 -4.01671201e-01 -1.74687922e-01 -1.70424165e+00\n",
      "   1.98799250e+00  4.89777299e-01  7.54769071e-01  1.76938630e+00]\n",
      " [ 4.35134452e+00  8.81968914e+00 -8.17423012e-01 -1.74013745e+00\n",
      "  -3.16456484e+00  3.64916050e+00  4.30053799e+00  3.95816800e+00\n",
      "  -1.51875561e-01  2.55889169e+00  1.70593124e+00  3.27457435e+00\n",
      "  -2.07818643e+00 -1.68749620e-01  9.21547067e-01  8.20255169e-01\n",
      "   5.03287535e+00 -1.43307496e+00 -1.92203696e+00  6.35683291e-01]\n",
      " [-1.38216278e+00 -8.17423012e-01  8.39386036e+00 -2.68010400e+00\n",
      "   1.99434065e-01 -2.99931425e-01  6.69750396e-01 -6.39783348e-01\n",
      "  -1.47381978e+00  2.47872054e-01 -7.22245011e-02 -4.99709744e-01\n",
      "  -1.66857510e+00 -1.69318477e+00  1.38369605e-01 -3.10145160e+00\n",
      "   8.56732472e-01 -2.06431332e+00 -3.75365426e+00 -1.92021337e+00]\n",
      " [ 6.72216765e-01 -1.74013745e+00 -2.68010400e+00  6.99589380e+00\n",
      "   1.21119221e+00 -3.32093587e+00  4.35787994e-01 -5.64941191e-01\n",
      "   3.10336149e+00  3.76321096e+00  2.27813047e+00 -3.81403726e-01\n",
      "   9.31927322e-01 -1.70879414e+00  1.40222582e-01 -1.57442824e+00\n",
      "  -1.11056696e+00  1.53504871e+00  3.00200715e+00  4.38915740e-01]\n",
      " [-6.36200816e-01 -3.16456484e+00  1.99434065e-01  1.21119221e+00\n",
      "   8.25256421e+00  1.68457350e-01 -3.03746610e+00 -1.25674784e+00\n",
      "   2.61885784e-01  8.38990513e-01 -1.07506902e+00  1.30206604e+00\n",
      "  -1.75667018e-01 -1.82926739e+00 -9.30406269e-01  1.63211540e+00\n",
      "  -9.83367462e-01 -2.00284890e-01 -1.15931645e-02  4.17277698e-01]\n",
      " [ 6.00633597e-01  3.64916050e+00 -2.99931425e-01 -3.32093587e+00\n",
      "   1.68457350e-01  1.19190702e+01  1.85628347e+00  6.52100547e-01\n",
      "   7.44647185e-01 -2.73822591e+00 -1.34244435e-01  2.35470586e+00\n",
      "  -1.91333226e+00 -1.42265076e+00  4.69708426e-01  1.16785287e+00\n",
      "  -8.05304427e-01 -2.96396204e+00 -2.56437511e+00  1.50396356e+00]\n",
      " [ 1.77831173e+00  4.30053799e+00  6.69750396e-01  4.35787994e-01\n",
      "  -3.03746610e+00  1.85628347e+00  9.42751666e+00  3.50558095e+00\n",
      "   1.33782165e+00  3.51386664e+00  3.51957787e+00  1.57518206e+00\n",
      "  -1.64010871e+00  2.25573138e-01 -5.51097130e-02 -1.97449135e+00\n",
      "   3.60376591e-01 -1.69915680e+00 -1.96205542e+00 -6.40986600e-01]\n",
      " [ 2.01363987e+00  3.95816800e+00 -6.39783348e-01 -5.64941191e-01\n",
      "  -1.25674784e+00  6.52100547e-01  3.50558095e+00  6.35370343e+00\n",
      "   2.51748573e+00  3.30344240e+00  1.81976789e+00  3.29058936e+00\n",
      "   7.63698089e-01  1.75425758e+00 -1.70571393e+00  1.85836749e-01\n",
      "   1.11071373e+00 -3.60365166e-01  1.11647775e+00  1.43444181e+00]\n",
      " [ 1.32260564e+00 -1.51875561e-01 -1.47381978e+00  3.10336149e+00\n",
      "   2.61885784e-01  7.44647185e-01  1.33782165e+00  2.51748573e+00\n",
      "   6.27136342e+00  3.24338151e+00  9.48288055e-01  2.26584156e+00\n",
      "   3.47409935e-01 -5.44985643e-01 -1.86170503e+00  1.54658731e-01\n",
      "  -2.03666246e+00 -1.33130138e+00  2.21152783e+00  2.37709178e+00]\n",
      " [ 3.64371751e+00  2.55889169e+00  2.47872054e-01  3.76321096e+00\n",
      "   8.38990513e-01 -2.73822591e+00  3.51386664e+00  3.30344240e+00\n",
      "   3.24338151e+00  8.79578707e+00  3.66008195e+00  2.56879326e+00\n",
      "  -1.13212904e-01 -4.63647577e-01 -8.09626248e-01 -2.11179369e+00\n",
      "   1.21903225e+00 -7.56123409e-01  5.69829528e-01  1.41716288e+00]\n",
      " [ 3.75834866e+00  1.70593124e+00 -7.22245011e-02  2.27813047e+00\n",
      "  -1.07506902e+00 -1.34244435e-01  3.51957787e+00  1.81976789e+00\n",
      "   9.48288055e-01  3.66008195e+00  6.95196716e+00  7.27159158e-01\n",
      "  -3.33580165e-01  2.92153210e-01  4.34723027e-02 -4.00422656e+00\n",
      "   3.05780702e-01 -6.62331279e-01  1.46581490e-01  3.71031483e+00]\n",
      " [ 3.62477438e+00  3.27457435e+00 -4.99709744e-01 -3.81403726e-01\n",
      "   1.30206604e+00  2.35470586e+00  1.57518206e+00  3.29058936e+00\n",
      "   2.26584156e+00  2.56879326e+00  7.27159158e-01  4.50827374e+00\n",
      "  -5.15168999e-01 -4.24731961e-01 -7.35843685e-01  5.87767130e-01\n",
      "   1.85078530e+00  9.12347049e-02  4.19876320e-01  1.85465707e+00]\n",
      " [-2.49465907e+00 -2.07818643e+00 -1.66857510e+00  9.31927322e-01\n",
      "  -1.75667018e-01 -1.91333226e+00 -1.64010871e+00  7.63698089e-01\n",
      "   3.47409935e-01 -1.13212904e-01 -3.33580165e-01 -5.15168999e-01\n",
      "   6.08349424e+00  6.91741195e-01  9.02502662e-01  1.32693786e+00\n",
      "  -2.36080202e+00  3.26824231e+00  1.93273837e+00  4.76380950e-01]\n",
      " [-4.01671201e-01 -1.68749620e-01 -1.69318477e+00 -1.70879414e+00\n",
      "  -1.82926739e+00 -1.42265076e+00  2.25573138e-01  1.75425758e+00\n",
      "  -5.44985643e-01 -4.63647577e-01  2.92153210e-01 -4.24731961e-01\n",
      "   6.91741195e-01  6.41403566e+00 -8.49824731e-01  1.80171119e+00\n",
      "  -1.30308971e+00  3.78852873e-01  3.67999435e+00  7.89002702e-01]\n",
      " [-1.74687922e-01  9.21547067e-01  1.38369605e-01  1.40222582e-01\n",
      "  -9.30406269e-01  4.69708426e-01 -5.51097130e-02 -1.70571393e+00\n",
      "  -1.86170503e+00 -8.09626248e-01  4.34723027e-02 -7.35843685e-01\n",
      "   9.02502662e-01 -8.49824731e-01  4.08062229e+00  2.07146834e-01\n",
      "  -8.41507973e-01  1.90754872e-01 -1.43978004e+00 -2.39331663e+00]\n",
      " [-1.70424165e+00  8.20255169e-01 -3.10145160e+00 -1.57442824e+00\n",
      "   1.63211540e+00  1.16785287e+00 -1.97449135e+00  1.85836749e-01\n",
      "   1.54658731e-01 -2.11179369e+00 -4.00422656e+00  5.87767130e-01\n",
      "   1.32693786e+00  1.80171119e+00  2.07146834e-01  7.19188100e+00\n",
      "  -7.91721285e-02 -1.14112290e+00  1.39726212e+00 -1.80669902e+00]\n",
      " [ 1.98799250e+00  5.03287535e+00  8.56732472e-01 -1.11056696e+00\n",
      "  -9.83367462e-01 -8.05304427e-01  3.60376591e-01  1.11071373e+00\n",
      "  -2.03666246e+00  1.21903225e+00  3.05780702e-01  1.85078530e+00\n",
      "  -2.36080202e+00 -1.30308971e+00 -8.41507973e-01 -7.91721285e-02\n",
      "   9.70193353e+00 -6.26497948e-01 -1.38881734e+00  1.34287005e+00]\n",
      " [ 4.89777299e-01 -1.43307496e+00 -2.06431332e+00  1.53504871e+00\n",
      "  -2.00284890e-01 -2.96396204e+00 -1.69915680e+00 -3.60365166e-01\n",
      "  -1.33130138e+00 -7.56123409e-01 -6.62331279e-01  9.12347049e-02\n",
      "   3.26824231e+00  3.78852873e-01  1.90754872e-01 -1.14112290e+00\n",
      "  -6.26497948e-01  9.82086954e+00  1.91333388e+00  1.58277700e+00]\n",
      " [ 7.54769071e-01 -1.92203696e+00 -3.75365426e+00  3.00200715e+00\n",
      "  -1.15931645e-02 -2.56437511e+00 -1.96205542e+00  1.11647775e+00\n",
      "   2.21152783e+00  5.69829528e-01  1.46581490e-01  4.19876320e-01\n",
      "   1.93273837e+00  3.67999435e+00 -1.43978004e+00  1.39726212e+00\n",
      "  -1.38881734e+00  1.91333388e+00  9.08475753e+00  6.29787810e-01]\n",
      " [ 1.76938630e+00  6.35683291e-01 -1.92021337e+00  4.38915740e-01\n",
      "   4.17277698e-01  1.50396356e+00 -6.40986600e-01  1.43444181e+00\n",
      "   2.37709178e+00  1.41716288e+00  3.71031483e+00  1.85465707e+00\n",
      "   4.76380950e-01  7.89002702e-01 -2.39331663e+00 -1.80669902e+00\n",
      "   1.34287005e+00  1.58277700e+00  6.29787810e-01  9.34199930e+00]]\n"
     ]
    }
   ],
   "source": [
    "po = PortfolioOptimization(n=20, idV=False)\n",
    "print(f\"Chosen m: {po.m}\")\n",
    "print(f\"Chosen V: {po.V}\")"
   ]
  },
  {
   "cell_type": "code",
   "execution_count": 337,
   "metadata": {},
   "outputs": [
    {
     "name": "stdout",
     "output_type": "stream",
     "text": [
      "Optimization terminated successfully.    (Exit mode 0)\n",
      "            Current function value: 0.1896876147530969\n",
      "            Iterations: 19\n",
      "            Function evaluations: 33\n",
      "            Gradient evaluations: 19\n",
      "\n",
      "Optimization result\n",
      "     fun: 0.1896876147530969\n",
      "     jac: array([0.37945377, 0.71969071, 0.37933509, 0.37939265, 0.37934664,\n",
      "       0.37937709, 0.37943342, 0.5197974 , 0.37942139, 0.91863065,\n",
      "       0.5512221 , 0.82236895, 0.37942806, 0.37936731, 0.37934747,\n",
      "       0.37934359, 0.37936843, 0.37938263, 0.5325128 , 0.37947447])\n",
      " message: 'Optimization terminated successfully.'\n",
      "    nfev: 33\n",
      "     nit: 19\n",
      "    njev: 19\n",
      "  status: 0\n",
      " success: True\n",
      "       x: array([4.27668544e-02, 7.14646224e-17, 1.62511719e-01, 1.46959567e-01,\n",
      "       3.24683663e-02, 7.48950120e-02, 2.08750436e-02, 7.39967983e-17,\n",
      "       2.09247976e-02, 0.00000000e+00, 0.00000000e+00, 0.00000000e+00,\n",
      "       4.81259291e-02, 1.25898125e-01, 8.67988621e-02, 9.77305552e-02,\n",
      "       6.17356431e-02, 4.55394394e-02, 0.00000000e+00, 3.27700862e-02])\n"
     ]
    }
   ],
   "source": [
    "# Evaluating\n",
    "res = po.run()\n",
    "print(\"\\nOptimization result\")\n",
    "print(res)"
   ]
  },
  {
   "cell_type": "code",
   "execution_count": 338,
   "metadata": {},
   "outputs": [
    {
     "data": {
      "text/plain": [
       "array([0.79379618])"
      ]
     },
     "execution_count": 338,
     "metadata": {},
     "output_type": "execute_result"
    }
   ],
   "source": [
    "# Cross checking inequality constraints >= 0\n",
    "PortfolioOptimization.f_r_min(res.x, po)"
   ]
  },
  {
   "cell_type": "code",
   "execution_count": 339,
   "metadata": {},
   "outputs": [
    {
     "data": {
      "text/plain": [
       "array(2.22044605e-16)"
      ]
     },
     "execution_count": 339,
     "metadata": {},
     "output_type": "execute_result"
    }
   ],
   "source": [
    "# Cross checking equality constraints = 0\n",
    "PortfolioOptimization.f_tot(res.x, po)"
   ]
  },
  {
   "cell_type": "markdown",
   "metadata": {},
   "source": [
    "## Part 3\n",
    "- `min_target_returns` is upper-bounded on 1 for `m` (mean fractional return) to be upper-bounded on 1.25\n",
    "- Thereby, we simulate maximum & minimum mean increase in asset to be 125% and -25% respectively, while varying min returns to be from 0% to 100%\n",
    "- `V` is chosen as a positive semi definite matrix with maximum covariance of 1."
   ]
  },
  {
   "cell_type": "code",
   "execution_count": 340,
   "metadata": {
    "tags": [
     "outputPrepend"
    ]
   },
   "outputs": [
    {
     "name": "stdout",
     "output_type": "stream",
     "text": [
      ".    (Exit mode 0)\n",
      "            Current function value: 2.9408838088573095\n",
      "            Iterations: 4\n",
      "            Function evaluations: 6\n",
      "            Gradient evaluations: 4\n",
      "Ineq constraint:  5.717648576819556e-14\n",
      "Eq constraint:  9.348077867343818e-14\n",
      "Optimization terminated successfully.    (Exit mode 0)\n",
      "            Current function value: 2.946419053696655\n",
      "            Iterations: 5\n",
      "            Function evaluations: 6\n",
      "            Gradient evaluations: 5\n",
      "Ineq constraint:  1.021405182655144e-14\n",
      "Eq constraint:  4.1300296516055823e-14\n",
      "Optimization terminated successfully.    (Exit mode 0)\n",
      "            Current function value: 2.9519850981387523\n",
      "            Iterations: 4\n",
      "            Function evaluations: 6\n",
      "            Gradient evaluations: 4\n",
      "Ineq constraint:  1.84297022087776e-14\n",
      "Eq constraint:  2.886579864025407e-14\n",
      "Optimization terminated successfully.    (Exit mode 0)\n",
      "            Current function value: 2.957581942183758\n",
      "            Iterations: 4\n",
      "            Function evaluations: 6\n",
      "            Gradient evaluations: 4\n",
      "Ineq constraint:  5.984102102729594e-14\n",
      "Eq constraint:  1.2612133559741778e-13\n",
      "Optimization terminated successfully.    (Exit mode 0)\n",
      "            Current function value: 2.9632095858302603\n",
      "            Iterations: 5\n",
      "            Function evaluations: 6\n",
      "            Gradient evaluations: 5\n",
      "Ineq constraint:  4.5630166312093934e-14\n",
      "Eq constraint:  4.729550084903167e-14\n",
      "Optimization terminated successfully.    (Exit mode 0)\n",
      "            Current function value: 2.9688680290793172\n",
      "            Iterations: 4\n",
      "            Function evaluations: 6\n",
      "            Gradient evaluations: 4\n",
      "Ineq constraint:  1.9095836023552692e-14\n",
      "Eq constraint:  5.3290705182007514e-14\n",
      "Optimization terminated successfully.    (Exit mode 0)\n",
      "            Current function value: 2.9745572719308386\n",
      "            Iterations: 5\n",
      "            Function evaluations: 6\n",
      "            Gradient evaluations: 5\n",
      "Ineq constraint:  2.8976820942716586e-14\n",
      "Eq constraint:  2.864375403532904e-14\n",
      "Optimization terminated successfully.    (Exit mode 0)\n",
      "            Current function value: 2.9802773143846584\n",
      "            Iterations: 5\n",
      "            Function evaluations: 6\n",
      "            Gradient evaluations: 5\n",
      "Ineq constraint:  2.2093438190040615e-14\n",
      "Eq constraint:  2.020605904817785e-14\n",
      "Optimization terminated successfully.    (Exit mode 0)\n",
      "            Current function value: 2.986028156440885\n",
      "            Iterations: 5\n",
      "            Function evaluations: 6\n",
      "            Gradient evaluations: 5\n",
      "Ineq constraint:  1.7208456881689926e-14\n",
      "Eq constraint:  1.3766765505351941e-14\n",
      "Optimization terminated successfully.    (Exit mode 0)\n",
      "            Current function value: 2.9918097980994554\n",
      "            Iterations: 7\n",
      "            Function evaluations: 8\n",
      "            Gradient evaluations: 7\n",
      "Ineq constraint:  4.218847493575595e-15\n",
      "Eq constraint:  9.769962616701378e-15\n",
      "Optimization terminated successfully.    (Exit mode 0)\n",
      "            Current function value: 2.997622239360571\n",
      "            Iterations: 5\n",
      "            Function evaluations: 6\n",
      "            Gradient evaluations: 5\n",
      "Ineq constraint:  1.865174681370263e-14\n",
      "Eq constraint:  1.7541523789077473e-14\n",
      "Optimization terminated successfully.    (Exit mode 0)\n",
      "            Current function value: 3.0034654802242065\n",
      "            Iterations: 5\n",
      "            Function evaluations: 6\n",
      "            Gradient evaluations: 5\n",
      "Ineq constraint:  1.0769163338864018e-14\n",
      "Eq constraint:  6.705747068735946e-14\n",
      "Optimization terminated successfully.    (Exit mode 0)\n",
      "            Current function value: 3.009339520689746\n",
      "            Iterations: 5\n",
      "            Function evaluations: 6\n",
      "            Gradient evaluations: 5\n",
      "Ineq constraint:  2.1871393585115584e-14\n",
      "Eq constraint:  2.2426505097428162e-14\n",
      "Optimization terminated successfully.    (Exit mode 0)\n",
      "            Current function value: 3.015244360757797\n",
      "            Iterations: 5\n",
      "            Function evaluations: 6\n",
      "            Gradient evaluations: 5\n",
      "Ineq constraint:  -1.887379141862766e-15\n",
      "Eq constraint:  2.886579864025407e-14\n",
      "Optimization terminated successfully.    (Exit mode 0)\n",
      "            Current function value: 3.0211802898263826\n",
      "            Iterations: 3\n",
      "            Function evaluations: 5\n",
      "            Gradient evaluations: 3\n",
      "Ineq constraint:  8.770761894538737e-15\n",
      "Eq constraint:  9.103828801926284e-15\n",
      "Optimization terminated successfully.    (Exit mode 0)\n",
      "            Current function value: 3.0271641668714775\n",
      "            Iterations: 3\n",
      "            Function evaluations: 4\n",
      "            Gradient evaluations: 3\n",
      "Ineq constraint:  1.2290168882600483e-13\n",
      "Eq constraint:  2.915445662665661e-13\n",
      "Optimization terminated successfully.    (Exit mode 0)\n",
      "            Current function value: 3.0332273608347964\n",
      "            Iterations: 3\n",
      "            Function evaluations: 4\n",
      "            Gradient evaluations: 3\n",
      "Ineq constraint:  3.1308289294429414e-14\n",
      "Eq constraint:  6.59472476627343e-14\n",
      "Optimization terminated successfully.    (Exit mode 0)\n",
      "            Current function value: 3.039370110956719\n",
      "            Iterations: 3\n",
      "            Function evaluations: 4\n",
      "            Gradient evaluations: 3\n",
      "Ineq constraint:  6.483702463810914e-14\n",
      "Eq constraint:  9.814371537686384e-14\n",
      "Optimization terminated successfully.    (Exit mode 0)\n",
      "            Current function value: 3.0455924172372377\n",
      "            Iterations: 3\n",
      "            Function evaluations: 4\n",
      "            Gradient evaluations: 3\n",
      "Ineq constraint:  2.7988722450800196e-13\n",
      "Eq constraint:  6.150635556423367e-13\n",
      "Optimization terminated successfully.    (Exit mode 0)\n",
      "            Current function value: 3.0518942796692228\n",
      "            Iterations: 3\n",
      "            Function evaluations: 4\n",
      "            Gradient evaluations: 3\n",
      "Ineq constraint:  1.000310945187266e-13\n",
      "Eq constraint:  2.149391775674303e-13\n",
      "Optimization terminated successfully.    (Exit mode 0)\n",
      "            Current function value: 3.05827569826034\n",
      "            Iterations: 3\n",
      "            Function evaluations: 4\n",
      "            Gradient evaluations: 3\n",
      "Ineq constraint:  1.0158540675320182e-13\n",
      "Eq constraint:  2.4558133304708463e-13\n",
      "Optimization terminated successfully.    (Exit mode 0)\n",
      "            Current function value: 3.0647366730072805\n",
      "            Iterations: 3\n",
      "            Function evaluations: 4\n",
      "            Gradient evaluations: 3\n",
      "Ineq constraint:  6.561418075534675e-14\n",
      "Eq constraint:  1.545430450278218e-13\n",
      "Optimization terminated successfully.    (Exit mode 0)\n",
      "            Current function value: 3.0712772039108316\n",
      "            Iterations: 3\n",
      "            Function evaluations: 4\n",
      "            Gradient evaluations: 3\n",
      "Ineq constraint:  2.853273173286652e-14\n",
      "Eq constraint:  6.905587213168474e-14\n",
      "Optimization terminated successfully.    (Exit mode 0)\n",
      "            Current function value: 3.077897290973169\n",
      "            Iterations: 3\n",
      "            Function evaluations: 4\n",
      "            Gradient evaluations: 3\n",
      "Ineq constraint:  1.5520917884259688e-13\n",
      "Eq constraint:  3.3661962106634746e-13\n",
      "Optimization terminated successfully.    (Exit mode 0)\n",
      "            Current function value: 3.0845969341887036\n",
      "            Iterations: 3\n",
      "            Function evaluations: 4\n",
      "            Gradient evaluations: 3\n",
      "Ineq constraint:  2.631228568361621e-14\n",
      "Eq constraint:  4.063416270128073e-14\n",
      "Optimization terminated successfully.    (Exit mode 0)\n",
      "            Current function value: 3.09137613356332\n",
      "            Iterations: 3\n",
      "            Function evaluations: 4\n",
      "            Gradient evaluations: 3\n",
      "Ineq constraint:  8.848477506262498e-14\n",
      "Eq constraint:  2.2182256032010628e-13\n",
      "Optimization terminated successfully.    (Exit mode 0)\n",
      "            Current function value: 3.0982348890933604\n",
      "            Iterations: 3\n",
      "            Function evaluations: 4\n",
      "            Gradient evaluations: 3\n",
      "Ineq constraint:  6.694644838489694e-14\n",
      "Eq constraint:  9.50350909079134e-14\n",
      "Optimization terminated successfully.    (Exit mode 0)\n",
      "            Current function value: 3.105173200781388\n",
      "            Iterations: 3\n",
      "            Function evaluations: 4\n",
      "            Gradient evaluations: 3\n",
      "Ineq constraint:  1.7719159473017498e-13\n",
      "Eq constraint:  3.3573144264664734e-13\n",
      "Optimization terminated successfully.    (Exit mode 0)\n",
      "            Current function value: 3.112191068622774\n",
      "            Iterations: 3\n",
      "            Function evaluations: 4\n",
      "            Gradient evaluations: 3\n",
      "Ineq constraint:  1.2545520178264269e-14\n",
      "Eq constraint:  3.907985046680551e-14\n",
      "Optimization terminated successfully.    (Exit mode 0)\n",
      "            Current function value: 3.1192884926239772\n",
      "            Iterations: 3\n",
      "            Function evaluations: 4\n",
      "            Gradient evaluations: 3\n",
      "Ineq constraint:  1.084687895058778e-13\n",
      "Eq constraint:  2.2604140781368187e-13\n",
      "Optimization terminated successfully.    (Exit mode 0)\n",
      "            Current function value: 3.1264654727799046\n",
      "            Iterations: 3\n",
      "            Function evaluations: 4\n",
      "            Gradient evaluations: 3\n",
      "Ineq constraint:  5.6066262743570405e-14\n",
      "Eq constraint:  1.3811174426336947e-13\n",
      "Optimization terminated successfully.    (Exit mode 0)\n",
      "            Current function value: 3.133722009093161\n",
      "            Iterations: 3\n",
      "            Function evaluations: 4\n",
      "            Gradient evaluations: 3\n",
      "Ineq constraint:  8.759659664292485e-14\n",
      "Eq constraint:  9.348077867343818e-14\n",
      "Optimization terminated successfully.    (Exit mode 0)\n",
      "            Current function value: 3.141058101562927\n",
      "            Iterations: 3\n",
      "            Function evaluations: 4\n",
      "            Gradient evaluations: 3\n",
      "Ineq constraint:  8.948397578478762e-14\n",
      "Eq constraint:  1.6231460620019789e-13\n",
      "Optimization terminated successfully.    (Exit mode 0)\n",
      "            Current function value: 3.148473750188889\n",
      "            Iterations: 3\n",
      "            Function evaluations: 4\n",
      "            Gradient evaluations: 3\n",
      "Ineq constraint:  7.105427357601002e-14\n",
      "Eq constraint:  1.1324274851176597e-13\n",
      "Optimization terminated successfully.    (Exit mode 0)\n",
      "            Current function value: 3.155968954971293\n",
      "            Iterations: 3\n",
      "            Function evaluations: 4\n",
      "            Gradient evaluations: 3\n",
      "Ineq constraint:  4.3298697960381105e-14\n",
      "Eq constraint:  5.10702591327572e-14\n",
      "Optimization terminated successfully.    (Exit mode 0)\n",
      "            Current function value: 3.1635437159110746\n",
      "            Iterations: 3\n",
      "            Function evaluations: 4\n",
      "            Gradient evaluations: 3\n",
      "Ineq constraint:  7.127631818093505e-14\n",
      "Eq constraint:  8.992806499463768e-14\n",
      "Optimization terminated successfully.    (Exit mode 0)\n",
      "            Current function value: 3.171198033010127\n",
      "            Iterations: 3\n",
      "            Function evaluations: 4\n",
      "            Gradient evaluations: 3\n",
      "Ineq constraint:  2.73003841755326e-13\n",
      "Eq constraint:  3.390621117205228e-13\n",
      "Optimization terminated successfully.    (Exit mode 0)\n",
      "            Current function value: 3.178931906258683\n",
      "            Iterations: 3\n",
      "            Function evaluations: 4\n",
      "            Gradient evaluations: 3\n",
      "Ineq constraint:  1.1435297153639112e-14\n",
      "Eq constraint:  2.0872192862952943e-14\n",
      "Optimization terminated successfully.    (Exit mode 0)\n",
      "            Current function value: 3.1867453356677267\n",
      "            Iterations: 4\n",
      "            Function evaluations: 4\n",
      "            Gradient evaluations: 4\n",
      "Ineq constraint:  6.106226635438361e-15\n",
      "Eq constraint:  3.952393967665557e-14\n",
      "Optimization terminated successfully.    (Exit mode 0)\n",
      "            Current function value: 3.1946383212349323\n",
      "            Iterations: 3\n",
      "            Function evaluations: 4\n",
      "            Gradient evaluations: 3\n",
      "Ineq constraint:  1.2012613126444194e-13\n",
      "Eq constraint:  3.013145288832675e-13\n",
      "Optimization terminated successfully.    (Exit mode 0)\n",
      "            Current function value: 3.202610862956864\n",
      "            Iterations: 3\n",
      "            Function evaluations: 4\n",
      "            Gradient evaluations: 3\n",
      "Ineq constraint:  1.2390088954816747e-13\n",
      "Eq constraint:  1.5165646516379638e-13\n",
      "Optimization terminated successfully.    (Exit mode 0)\n",
      "            Current function value: 3.2106629608350206\n",
      "            Iterations: 3\n",
      "            Function evaluations: 4\n",
      "            Gradient evaluations: 3\n",
      "Ineq constraint:  7.749356711883593e-14\n",
      "Eq constraint:  1.8318679906315083e-13\n",
      "Optimization terminated successfully.    (Exit mode 0)\n",
      "            Current function value: 3.2187946148697923\n",
      "            Iterations: 3\n",
      "            Function evaluations: 4\n",
      "            Gradient evaluations: 3\n",
      "Ineq constraint:  4.1300296516055823e-14\n",
      "Eq constraint:  5.551115123125783e-14\n",
      "Optimization terminated successfully.    (Exit mode 0)\n",
      "            Current function value: 3.2270058250620144\n",
      "            Iterations: 3\n",
      "            Function evaluations: 4\n",
      "            Gradient evaluations: 3\n",
      "Ineq constraint:  6.861178292183467e-14\n",
      "Eq constraint:  1.7341683644644945e-13\n",
      "Optimization terminated successfully.    (Exit mode 0)\n",
      "            Current function value: 3.235296591409744\n",
      "            Iterations: 3\n",
      "            Function evaluations: 4\n",
      "            Gradient evaluations: 3\n",
      "Ineq constraint:  3.530509218307998e-14\n",
      "Eq constraint:  6.483702463810914e-14\n",
      "Optimization terminated successfully.    (Exit mode 0)\n",
      "            Current function value: 3.2436669139146073\n",
      "            Iterations: 3\n",
      "            Function evaluations: 4\n",
      "            Gradient evaluations: 3\n",
      "Ineq constraint:  4.9960036108132044e-15\n",
      "Eq constraint:  5.861977570020827e-14\n",
      "Optimization terminated successfully.    (Exit mode 0)\n",
      "            Current function value: 3.2521167925760475\n",
      "            Iterations: 3\n",
      "            Function evaluations: 4\n",
      "            Gradient evaluations: 3\n",
      "Ineq constraint:  1.27675647831893e-14\n",
      "Eq constraint:  5.551115123125783e-14\n",
      "Optimization terminated successfully.    (Exit mode 0)\n",
      "            Current function value: 3.2606462273941696\n",
      "            Iterations: 3\n",
      "            Function evaluations: 4\n",
      "            Gradient evaluations: 3\n",
      "Ineq constraint:  1.2878587085651816e-14\n",
      "Eq constraint:  6.59472476627343e-14\n",
      "Optimization terminated successfully.    (Exit mode 0)\n",
      "            Current function value: 3.2692552183695645\n",
      "            Iterations: 3\n",
      "            Function evaluations: 4\n",
      "            Gradient evaluations: 3\n",
      "Ineq constraint:  9.603429163007604e-14\n",
      "Eq constraint:  1.1390888232654106e-13\n",
      "Optimization terminated successfully.    (Exit mode 0)\n",
      "            Current function value: 3.277943765500291\n",
      "            Iterations: 3\n",
      "            Function evaluations: 4\n",
      "            Gradient evaluations: 3\n",
      "Ineq constraint:  5.651035195342047e-14\n",
      "Eq constraint:  6.683542608243442e-14\n",
      "Optimization terminated successfully.    (Exit mode 0)\n",
      "            Current function value: 3.286711868788104\n",
      "            Iterations: 3\n",
      "            Function evaluations: 4\n",
      "            Gradient evaluations: 3\n",
      "Ineq constraint:  6.961098364399732e-14\n",
      "Eq constraint:  8.08242361927114e-14\n",
      "Optimization terminated successfully.    (Exit mode 0)\n",
      "            Current function value: 3.2955595282321504\n",
      "            Iterations: 3\n",
      "            Function evaluations: 4\n",
      "            Gradient evaluations: 3\n",
      "Ineq constraint:  2.398081733190338e-14\n",
      "Eq constraint:  5.684341886080802e-14\n",
      "Optimization terminated successfully.    (Exit mode 0)\n",
      "            Current function value: 3.304486743832697\n",
      "            Iterations: 3\n",
      "            Function evaluations: 4\n",
      "            Gradient evaluations: 3\n",
      "Ineq constraint:  1.9984014443252818e-14\n",
      "Eq constraint:  3.108624468950438e-14\n",
      "Optimization terminated successfully.    (Exit mode 0)\n",
      "            Current function value: 3.313493515591264\n",
      "            Iterations: 3\n",
      "            Function evaluations: 4\n",
      "            Gradient evaluations: 3\n",
      "Ineq constraint:  1.006972283335017e-13\n",
      "Eq constraint:  1.2456702336294256e-13\n",
      "Optimization terminated successfully.    (Exit mode 0)\n",
      "            Current function value: 3.3225798435058036\n",
      "            Iterations: 3\n",
      "            Function evaluations: 4\n",
      "            Gradient evaluations: 3\n",
      "Ineq constraint:  1.446620601086579e-13\n",
      "Eq constraint:  3.2951419370874646e-13\n",
      "Optimization terminated successfully.    (Exit mode 0)\n",
      "            Current function value: 3.33174572757435\n",
      "            Iterations: 4\n",
      "            Function evaluations: 4\n",
      "            Gradient evaluations: 4\n",
      "Ineq constraint:  1.2212453270876722e-14\n",
      "Eq constraint:  1.532107773982716e-14\n",
      "Optimization terminated successfully.    (Exit mode 0)\n",
      "            Current function value: 3.3409911678017394\n",
      "            Iterations: 3\n",
      "            Function evaluations: 4\n",
      "            Gradient evaluations: 3\n",
      "Ineq constraint:  3.530509218307998e-14\n",
      "Eq constraint:  6.372680161348399e-14\n",
      "Optimization terminated successfully.    (Exit mode 0)\n",
      "            Current function value: 3.3503161641864896\n",
      "            Iterations: 3\n",
      "            Function evaluations: 4\n",
      "            Gradient evaluations: 3\n",
      "Ineq constraint:  1.0669243266647754e-13\n",
      "Eq constraint:  2.433608869978343e-13\n",
      "Optimization terminated successfully.    (Exit mode 0)\n",
      "            Current function value: 3.359720716725966\n",
      "            Iterations: 3\n",
      "            Function evaluations: 4\n",
      "            Gradient evaluations: 3\n",
      "Ineq constraint:  4.907185768843192e-14\n",
      "Eq constraint:  1.3167245072054357e-13\n",
      "Optimization terminated successfully.    (Exit mode 0)\n",
      "            Current function value: 3.369204825424187\n",
      "            Iterations: 3\n",
      "            Function evaluations: 4\n",
      "            Gradient evaluations: 3\n",
      "Ineq constraint:  1.4444001550373287e-13\n",
      "Eq constraint:  1.9095836023552692e-13\n",
      "Optimization terminated successfully.    (Exit mode 0)\n",
      "            Current function value: 3.3787684902763044\n",
      "            Iterations: 3\n",
      "            Function evaluations: 4\n",
      "            Gradient evaluations: 3\n",
      "Ineq constraint:  7.227551890309769e-14\n",
      "Eq constraint:  1.7541523789077473e-13\n",
      "Optimization terminated successfully.    (Exit mode 0)\n",
      "            Current function value: 3.388411711285449\n",
      "            Iterations: 3\n",
      "            Function evaluations: 4\n",
      "            Gradient evaluations: 3\n",
      "Ineq constraint:  2.7200464103316335e-14\n",
      "Eq constraint:  3.219646771412954e-14\n",
      "Optimization terminated successfully.    (Exit mode 0)\n",
      "            Current function value: 3.3981344884534312\n",
      "            Iterations: 3\n",
      "            Function evaluations: 4\n",
      "            Gradient evaluations: 3\n",
      "Ineq constraint:  1.3988810110276972e-13\n",
      "Eq constraint:  2.993161274389422e-13\n",
      "Optimization terminated successfully.    (Exit mode 0)\n",
      "            Current function value: 3.407936821776764\n",
      "            Iterations: 3\n",
      "            Function evaluations: 4\n",
      "            Gradient evaluations: 3\n",
      "Ineq constraint:  1.6697754290362354e-13\n",
      "Eq constraint:  1.9806378759312793e-13\n",
      "Optimization terminated successfully.    (Exit mode 0)\n",
      "            Current function value: 3.4178187112566505\n",
      "            Iterations: 3\n",
      "            Function evaluations: 4\n",
      "            Gradient evaluations: 3\n",
